x1
148
154
167
166
200
200
200
188
200
200
171
200
66
200
200
86
63
200
186
127
200
156
200
165
60
151
199
200
123
200
200
200
167
139
140
102
200
200
143
158
181
200
200
168
71
173
200
200
200
159
200
158
200
200
200
94
200
140
200
200
200
200
121
149
76
113
200
183
200
160
200
116
158
96
200
125
200
130
128
200
200
127
200
144
108
105
200
200
197
162
200
155
200
111
153
164
177
200
142
194
176
200
151
200
200
175
200
200
176
173
99
200
200
119
200
200
120
200
200
118
200
200
200
200
199
149
200
200
138
142
96
80
200
200
200
200
200
167
200
200
200
200
178
128
200
126
165
200
154
105
96
121
159
141
111
200
126
190
110
200
200
124
200
200
194
155
200
150
179
79
175
200
200
172
163
180
84
152
200
105
163
109
200
200
158
200
200
179
200
96
110
159
191
155
170
117
200
83
200
200
140
125
200
91
200
110
102
191
189
200
98
200
173
200
163
64
91
177
90
200
180
136
200
200
167
148
100
200
200
200
186
200
200
200
162
146
126
182
182
137
200
179
200
119
147
200
186
156
154
167
200
200
84
160
200
200
88
80
200
171
77
140
200
200
169
200
200
188
77
162
200
200
123
177
177
93
143
154
200
172
200
118
186
121
200
200
200
200
200
187
102
183
170
200
88
200
200
200
149
171
144
200
200
200
122
189
148
113
200
149
190
71
200
200
200
129
128
188
126
200
200
200
200
200
200
200
167
171
200
200
200
115
197
147
200
180
155
200
158
200
109
181
126
98
153
200
200
175
146
141
200
100
79
200
105
200
200
200
200
104
200
132
200
116
200
200
35
132
72
196
105
189
200
98
200
200
200
138
200
167
200
142
200
115
200
133
135
200
188
124
96
200
135
200
200
200
200
200
200
200
200
200
114
172
155
200
200
200
189
157
200
157
122
169
200
200
200
112
156
174
92
154
200
128
176
200
200
200
151
200
200
88
200
200
96
86
200
200
134
174
106
200
111
170
171
131
124
138
152
104
200
134
200
158
83
158
83
147
119
200
200
101
149
200
194
200
87
194
200
142
200
144
112
127
200
114
106
126
200
133
200
200
108
180
200
200
200
200
200
98
84
200
200
94
200
200
200
185
200
120
86
200
187
176
200
199
180
127
200
200
200
150
200
152
57
121
75
103
113
68
200
170
110
200
195
188
112
200
80
166
200
76
200
155
40
200
162
200
170
200
128
200
107
132
146
122
64
200
115
200
199
181
134
121
200
200
130
159
136
185
200
200
135
103
184
124
200
76
200
73
189
200
102
200
200
166
174
171
200
64
200
200
200
200
200
200
163
67
200
200
186
200
171
200
200
132
200
200
200
134
145
200
43
119
200
200
200
110
200
200
163
106
200
117
200
184
175
200
176
120
200
200
200
139
185
200
200
149
200
200
200
149
200
88
180
200
173
200
194
75
53
93
108
121
200
156
200
106
200
200
200
178
94
158
200
200
123
200
73
192
200
116
86
172
179
200
141
200
200
178
200
200
200
200
200
200
200
200
200
200
141
109
151
192
169
200
169
200
161
111
200
200
200
87
137
124
166
200
200
176
200
115
200
200
200
200
36
167
166
83
177
78
196
200
60
200
189
200
182
200
130
200
200
105
200
196
200
200
200
131
200
159
200
200
200
133
200
188
200
200
200
126
200
96
200
200
178
200
82
200
193
146
200
80
200
200
150
200
105
56
193
200
200
84
200
109
135
160
200
126
102
180
200
200
135
200
200
171
177
141
200
109
129
200
77
200
200
200
200
136
200
200
200
106
200
200
104
200
200
121
191
71
200
162
175
200
200
200
156
200
145
200
200
93
200
200
200
200
169
95
144
133
139
168
200
200
200
200
200
150
116
198
200
88
133
165
200
141
164
200
143
200
200
200
195
200
200
200
134
93
127
194
178
153
147
107
181
109
63
190
200
179
162
73
200
200
200
200
129
166
195
200
85
104
115
200
173
134
200
200
105
200
136
200
127
200
200
200
184
200
200
135
200
200
200
156
153
200
139
124
135
189
116
176
200
77
200
63
200
150
200
200
151
126
200
182
113
200
200
200
200
200
200
66
200
174
192
163
200
130
149
200
184
200
200
160
146
190
200
131
107
149
200
200
200
108
131
76
200
173
200
193
92
200
129
200
200
142
200
148
128
121
200
178
200
200
200
200
200
73
200
145
200
200
200
156
200
169
147
200
160
200
126
200
146
200
134
200
154
183
200
137
200
153
200
196
177
140
95
200
