x1,x2,x3,x4,x5,x6,x7,x8,x9,x10,x11,x12
1,1,3,3,6,-1,-1,-1,-1,-1,-1,-1
1,3,3,5,-1,-1,-1,-1,-1,-1,-1,-1
1,1,3,3,-1,-1,-1,-1,-1,-1,-1,-1
1,2,2,5,-1,-1,-1,-1,-1,-1,-1,-1
1,1,2,2,-1,-1,-1,-1,-1,-1,-1,-1
1,1,-1,-1,-1,-1,-1,-1,-1,-1,-1,-1
1,1,3,3,6,-1,-1,-1,-1,-1,-1,-1
1,1,3,3,6,-1,-1,-1,-1,-1,-1,-1
1,1,-1,-1,-1,-1,-1,-1,-1,-1,-1,-1
1,1,3,-1,-1,-1,-1,-1,-1,-1,-1,-1
1,2,2,4,-1,-1,-1,-1,-1,-1,-1,-1
1,1,3,3,6,-1,-1,-1,-1,-1,-1,-1
1,1,-1,-1,-1,-1,-1,-1,-1,-1,-1,-1
1,1,3,3,5,-1,-1,-1,-1,-1,-1,-1
1,3,3,-1,-1,-1,-1,-1,-1,-1,-1,-1
1,2,2,5,-1,-1,-1,-1,-1,-1,-1,-1
1,1,-1,-1,-1,-1,-1,-1,-1,-1,-1,-1
1,1,-1,-1,-1,-1,-1,-1,-1,-1,-1,-1
1,1,6,-1,-1,-1,-1,-1,-1,-1,-1,-1
1,1,-1,-1,-1,-1,-1,-1,-1,-1,-1,-1
1,1,2,2,5,-1,-1,-1,-1,-1,-1,-1
1,1,3,6,-1,-1,-1,-1,-1,-1,-1,-1
1,1,2,2,-1,-1,-1,-1,-1,-1,-1,-1
1,1,3,3,-1,-1,-1,-1,-1,-1,-1,-1
1,3,3,5,-1,-1,-1,-1,-1,-1,-1,-1
1,2,2,5,-1,-1,-1,-1,-1,-1,-1,-1
1,1,2,2,4,-1,-1,-1,-1,-1,-1,-1
1,1,3,3,6,-1,-1,-1,-1,-1,-1,-1
1,1,3,3,5,-1,-1,-1,-1,-1,-1,-1
1,1,2,2,4,-1,-1,-1,-1,-1,-1,-1
1,1,3,3,-1,-1,-1,-1,-1,-1,-1,-1
1,1,6,-1,-1,-1,-1,-1,-1,-1,-1,-1
1,1,3,3,5,-1,-1,-1,-1,-1,-1,-1
1,1,2,2,4,-1,-1,-1,-1,-1,-1,-1
1,1,-1,-1,-1,-1,-1,-1,-1,-1,-1,-1
1,3,3,5,-1,-1,-1,-1,-1,-1,-1,-1
1,2,2,4,-1,-1,-1,-1,-1,-1,-1,-1
1,1,5,-1,-1,-1,-1,-1,-1,-1,-1,-1
1,1,-1,-1,-1,-1,-1,-1,-1,-1,-1,-1
1,1,3,3,5,-1,-1,-1,-1,-1,-1,-1
1,3,6,-1,-1,-1,-1,-1,-1,-1,-1,-1
1,1,-1,-1,-1,-1,-1,-1,-1,-1,-1,-1
1,3,3,6,-1,-1,-1,-1,-1,-1,-1,-1
1,1,2,2,5,-1,-1,-1,-1,-1,-1,-1
1,2,2,4,-1,-1,-1,-1,-1,-1,-1,-1
1,1,-1,-1,-1,-1,-1,-1,-1,-1,-1,-1
1,1,3,3,-1,-1,-1,-1,-1,-1,-1,-1
1,1,2,2,-1,-1,-1,-1,-1,-1,-1,-1
1,3,3,5,-1,-1,-1,-1,-1,-1,-1,-1
1,1,3,3,6,-1,-1,-1,-1,-1,-1,-1
1,1,3,3,5,-1,-1,-1,-1,-1,-1,-1
1,1,3,3,6,-1,-1,-1,-1,-1,-1,-1
1,1,-1,-1,-1,-1,-1,-1,-1,-1,-1,-1
1,3,3,5,-1,-1,-1,-1,-1,-1,-1,-1
1,2,2,4,-1,-1,-1,-1,-1,-1,-1,-1
1,1,3,3,-1,-1,-1,-1,-1,-1,-1,-1
1,1,3,3,-1,-1,-1,-1,-1,-1,-1,-1
1,1,2,2,4,-1,-1,-1,-1,-1,-1,-1
1,1,3,3,6,-1,-1,-1,-1,-1,-1,-1
1,1,4,-1,-1,-1,-1,-1,-1,-1,-1,-1
1,1,3,3,6,-1,-1,-1,-1,-1,-1,-1
1,3,3,6,-1,-1,-1,-1,-1,-1,-1,-1
1,2,2,4,-1,-1,-1,-1,-1,-1,-1,-1
1,1,3,3,5,-1,-1,-1,-1,-1,-1,-1
1,1,3,3,5,-1,-1,-1,-1,-1,-1,-1
1,2,2,4,-1,-1,-1,-1,-1,-1,-1,-1
1,1,2,2,-1,-1,-1,-1,-1,-1,-1,-1
1,1,2,2,5,-1,-1,-1,-1,-1,-1,-1
1,2,2,5,-1,-1,-1,-1,-1,-1,-1,-1
1,1,3,3,6,-1,-1,-1,-1,-1,-1,-1
1,1,2,2,5,-1,-1,-1,-1,-1,-1,-1
1,1,-1,-1,-1,-1,-1,-1,-1,-1,-1,-1
1,1,3,3,-1,-1,-1,-1,-1,-1,-1,-1
1,1,2,2,5,-1,-1,-1,-1,-1,-1,-1
1,1,-1,-1,-1,-1,-1,-1,-1,-1,-1,-1
1,1,2,2,5,-1,-1,-1,-1,-1,-1,-1
1,1,2,2,5,-1,-1,-1,-1,-1,-1,-1
1,1,-1,-1,-1,-1,-1,-1,-1,-1,-1,-1
1,1,2,2,4,-1,-1,-1,-1,-1,-1,-1
1,1,-1,-1,-1,-1,-1,-1,-1,-1,-1,-1
1,1,-1,-1,-1,-1,-1,-1,-1,-1,-1,-1
1,3,3,6,-1,-1,-1,-1,-1,-1,-1,-1
1,1,2,2,5,-1,-1,-1,-1,-1,-1,-1
1,1,3,3,-1,-1,-1,-1,-1,-1,-1,-1
1,3,3,-1,-1,-1,-1,-1,-1,-1,-1,-1
1,1,2,2,5,-1,-1,-1,-1,-1,-1,-1
1,1,2,2,5,-1,-1,-1,-1,-1,-1,-1
1,1,3,3,5,-1,-1,-1,-1,-1,-1,-1
1,1,-1,-1,-1,-1,-1,-1,-1,-1,-1,-1
1,1,2,2,-1,-1,-1,-1,-1,-1,-1,-1
1,2,2,4,-1,-1,-1,-1,-1,-1,-1,-1
1,1,-1,-1,-1,-1,-1,-1,-1,-1,-1,-1
1,3,3,6,-1,-1,-1,-1,-1,-1,-1,-1
1,1,-1,-1,-1,-1,-1,-1,-1,-1,-1,-1
1,1,2,2,-1,-1,-1,-1,-1,-1,-1,-1
1,1,3,3,6,-1,-1,-1,-1,-1,-1,-1
1,1,5,-1,-1,-1,-1,-1,-1,-1,-1,-1
1,1,2,4,-1,-1,-1,-1,-1,-1,-1,-1
1,1,3,3,5,-1,-1,-1,-1,-1,-1,-1
1,1,2,2,5,-1,-1,-1,-1,-1,-1,-1
1,1,3,3,5,-1,-1,-1,-1,-1,-1,-1
1,1,6,-1,-1,-1,-1,-1,-1,-1,-1,-1
1,1,2,2,4,-1,-1,-1,-1,-1,-1,-1
1,1,2,5,-1,-1,-1,-1,-1,-1,-1,-1
1,1,2,2,5,-1,-1,-1,-1,-1,-1,-1
1,1,3,5,-1,-1,-1,-1,-1,-1,-1,-1
1,1,-1,-1,-1,-1,-1,-1,-1,-1,-1,-1
1,1,2,2,4,-1,-1,-1,-1,-1,-1,-1
1,1,3,6,-1,-1,-1,-1,-1,-1,-1,-1
1,1,3,3,6,-1,-1,-1,-1,-1,-1,-1
1,1,3,3,-1,-1,-1,-1,-1,-1,-1,-1
1,1,2,4,-1,-1,-1,-1,-1,-1,-1,-1
1,1,3,3,6,-1,-1,-1,-1,-1,-1,-1
1,1,3,3,5,-1,-1,-1,-1,-1,-1,-1
1,1,3,3,-1,-1,-1,-1,-1,-1,-1,-1
1,3,3,5,-1,-1,-1,-1,-1,-1,-1,-1
1,1,2,2,-1,-1,-1,-1,-1,-1,-1,-1
1,2,2,5,-1,-1,-1,-1,-1,-1,-1,-1
1,1,3,3,6,-1,-1,-1,-1,-1,-1,-1
1,2,2,5,-1,-1,-1,-1,-1,-1,-1,-1
1,1,3,3,-1,-1,-1,-1,-1,-1,-1,-1
1,1,3,3,5,-1,-1,-1,-1,-1,-1,-1
1,1,-1,-1,-1,-1,-1,-1,-1,-1,-1,-1
1,1,2,2,5,-1,-1,-1,-1,-1,-1,-1
1,1,-1,-1,-1,-1,-1,-1,-1,-1,-1,-1
1,3,3,5,-1,-1,-1,-1,-1,-1,-1,-1
1,1,-1,-1,-1,-1,-1,-1,-1,-1,-1,-1
1,1,5,-1,-1,-1,-1,-1,-1,-1,-1,-1
1,1,3,6,-1,-1,-1,-1,-1,-1,-1,-1
1,1,3,3,-1,-1,-1,-1,-1,-1,-1,-1
1,1,2,2,5,-1,-1,-1,-1,-1,-1,-1
1,2,2,5,-1,-1,-1,-1,-1,-1,-1,-1
1,1,2,2,-1,-1,-1,-1,-1,-1,-1,-1
1,1,2,2,5,-1,-1,-1,-1,-1,-1,-1
1,1,2,2,4,-1,-1,-1,-1,-1,-1,-1
1,1,-1,-1,-1,-1,-1,-1,-1,-1,-1,-1
1,1,3,3,-1,-1,-1,-1,-1,-1,-1,-1
1,1,3,3,6,-1,-1,-1,-1,-1,-1,-1
1,2,2,4,-1,-1,-1,-1,-1,-1,-1,-1
1,1,2,2,5,-1,-1,-1,-1,-1,-1,-1
1,1,2,4,-1,-1,-1,-1,-1,-1,-1,-1
1,1,-1,-1,-1,-1,-1,-1,-1,-1,-1,-1
1,1,-1,-1,-1,-1,-1,-1,-1,-1,-1,-1
1,1,-1,-1,-1,-1,-1,-1,-1,-1,-1,-1
1,1,2,2,4,-1,-1,-1,-1,-1,-1,-1
1,1,3,3,5,-1,-1,-1,-1,-1,-1,-1
1,1,2,2,-1,-1,-1,-1,-1,-1,-1,-1
1,3,3,6,-1,-1,-1,-1,-1,-1,-1,-1
1,1,3,3,5,-1,-1,-1,-1,-1,-1,-1
1,2,2,4,-1,-1,-1,-1,-1,-1,-1,-1
1,1,5,-1,-1,-1,-1,-1,-1,-1,-1,-1
1,1,-1,-1,-1,-1,-1,-1,-1,-1,-1,-1
1,1,3,3,5,-1,-1,-1,-1,-1,-1,-1
1,1,3,3,5,-1,-1,-1,-1,-1,-1,-1
1,1,2,2,-1,-1,-1,-1,-1,-1,-1,-1
1,1,3,3,-1,-1,-1,-1,-1,-1,-1,-1
1,2,2,5,-1,-1,-1,-1,-1,-1,-1,-1
1,1,3,6,-1,-1,-1,-1,-1,-1,-1,-1
1,1,-1,-1,-1,-1,-1,-1,-1,-1,-1,-1
1,1,3,3,6,-1,-1,-1,-1,-1,-1,-1
1,1,3,3,-1,-1,-1,-1,-1,-1,-1,-1
1,1,3,3,5,-1,-1,-1,-1,-1,-1,-1
1,1,3,3,-1,-1,-1,-1,-1,-1,-1,-1
1,1,2,2,5,-1,-1,-1,-1,-1,-1,-1
1,2,2,4,-1,-1,-1,-1,-1,-1,-1,-1
1,1,3,3,6,-1,-1,-1,-1,-1,-1,-1
1,2,2,5,-1,-1,-1,-1,-1,-1,-1,-1
1,2,2,5,-1,-1,-1,-1,-1,-1,-1,-1
1,1,-1,-1,-1,-1,-1,-1,-1,-1,-1,-1
1,1,3,3,-1,-1,-1,-1,-1,-1,-1,-1
1,2,2,5,-1,-1,-1,-1,-1,-1,-1,-1
1,3,3,6,-1,-1,-1,-1,-1,-1,-1,-1
1,1,-1,-1,-1,-1,-1,-1,-1,-1,-1,-1
1,2,2,5,-1,-1,-1,-1,-1,-1,-1,-1
1,2,2,-1,-1,-1,-1,-1,-1,-1,-1,-1
1,1,2,4,-1,-1,-1,-1,-1,-1,-1,-1
1,1,3,3,-1,-1,-1,-1,-1,-1,-1,-1
1,1,4,-1,-1,-1,-1,-1,-1,-1,-1,-1
1,1,2,2,4,-1,-1,-1,-1,-1,-1,-1
1,1,2,2,-1,-1,-1,-1,-1,-1,-1,-1
1,2,2,5,-1,-1,-1,-1,-1,-1,-1,-1
1,1,-1,-1,-1,-1,-1,-1,-1,-1,-1,-1
1,1,3,3,5,-1,-1,-1,-1,-1,-1,-1
1,2,2,5,-1,-1,-1,-1,-1,-1,-1,-1
1,2,2,5,-1,-1,-1,-1,-1,-1,-1,-1
1,1,2,2,-1,-1,-1,-1,-1,-1,-1,-1
1,1,3,3,-1,-1,-1,-1,-1,-1,-1,-1
1,1,2,2,4,-1,-1,-1,-1,-1,-1,-1
1,1,2,2,4,-1,-1,-1,-1,-1,-1,-1
1,3,3,-1,-1,-1,-1,-1,-1,-1,-1,-1
1,1,3,5,-1,-1,-1,-1,-1,-1,-1,-1
1,3,3,5,-1,-1,-1,-1,-1,-1,-1,-1
1,3,3,5,-1,-1,-1,-1,-1,-1,-1,-1
1,1,-1,-1,-1,-1,-1,-1,-1,-1,-1,-1
1,1,2,2,4,-1,-1,-1,-1,-1,-1,-1
1,1,2,2,4,-1,-1,-1,-1,-1,-1,-1
1,1,2,2,-1,-1,-1,-1,-1,-1,-1,-1
1,1,2,2,5,-1,-1,-1,-1,-1,-1,-1
1,1,-1,-1,-1,-1,-1,-1,-1,-1,-1,-1
1,3,3,6,-1,-1,-1,-1,-1,-1,-1,-1
1,1,-1,-1,-1,-1,-1,-1,-1,-1,-1,-1
1,1,2,2,4,-1,-1,-1,-1,-1,-1,-1
1,3,3,6,-1,-1,-1,-1,-1,-1,-1,-1
1,1,3,3,5,-1,-1,-1,-1,-1,-1,-1
1,3,3,5,-1,-1,-1,-1,-1,-1,-1,-1
1,1,3,3,-1,-1,-1,-1,-1,-1,-1,-1
1,1,-1,-1,-1,-1,-1,-1,-1,-1,-1,-1
1,1,2,2,5,-1,-1,-1,-1,-1,-1,-1
1,1,3,3,5,-1,-1,-1,-1,-1,-1,-1
1,1,3,3,-1,-1,-1,-1,-1,-1,-1,-1
1,1,2,2,-1,-1,-1,-1,-1,-1,-1,-1
1,1,2,2,4,-1,-1,-1,-1,-1,-1,-1
1,1,3,3,-1,-1,-1,-1,-1,-1,-1,-1
1,1,2,2,-1,-1,-1,-1,-1,-1,-1,-1
1,2,2,5,-1,-1,-1,-1,-1,-1,-1,-1
1,1,2,2,5,-1,-1,-1,-1,-1,-1,-1
1,2,2,4,-1,-1,-1,-1,-1,-1,-1,-1
1,1,-1,-1,-1,-1,-1,-1,-1,-1,-1,-1
1,1,3,3,5,-1,-1,-1,-1,-1,-1,-1
1,1,-1,-1,-1,-1,-1,-1,-1,-1,-1,-1
1,1,3,5,-1,-1,-1,-1,-1,-1,-1,-1
1,1,5,-1,-1,-1,-1,-1,-1,-1,-1,-1
1,1,3,3,6,-1,-1,-1,-1,-1,-1,-1
1,3,3,6,-1,-1,-1,-1,-1,-1,-1,-1
1,1,3,3,6,-1,-1,-1,-1,-1,-1,-1
1,1,2,2,4,-1,-1,-1,-1,-1,-1,-1
1,1,-1,-1,-1,-1,-1,-1,-1,-1,-1,-1
1,1,2,2,4,-1,-1,-1,-1,-1,-1,-1
1,1,-1,-1,-1,-1,-1,-1,-1,-1,-1,-1
1,1,3,3,6,-1,-1,-1,-1,-1,-1,-1
1,1,-1,-1,-1,-1,-1,-1,-1,-1,-1,-1
1,1,2,2,4,-1,-1,-1,-1,-1,-1,-1
1,1,-1,-1,-1,-1,-1,-1,-1,-1,-1,-1
1,1,-1,-1,-1,-1,-1,-1,-1,-1,-1,-1
1,1,-1,-1,-1,-1,-1,-1,-1,-1,-1,-1
1,1,-1,-1,-1,-1,-1,-1,-1,-1,-1,-1
1,3,3,5,-1,-1,-1,-1,-1,-1,-1,-1
1,3,3,-1,-1,-1,-1,-1,-1,-1,-1,-1
1,1,2,2,4,-1,-1,-1,-1,-1,-1,-1
1,1,-1,-1,-1,-1,-1,-1,-1,-1,-1,-1
1,3,3,5,-1,-1,-1,-1,-1,-1,-1,-1
1,3,3,5,-1,-1,-1,-1,-1,-1,-1,-1
1,1,3,3,5,-1,-1,-1,-1,-1,-1,-1
1,1,3,6,-1,-1,-1,-1,-1,-1,-1,-1
1,1,2,2,-1,-1,-1,-1,-1,-1,-1,-1
1,1,-1,-1,-1,-1,-1,-1,-1,-1,-1,-1
1,1,-1,-1,-1,-1,-1,-1,-1,-1,-1,-1
1,1,-1,-1,-1,-1,-1,-1,-1,-1,-1,-1
1,1,-1,-1,-1,-1,-1,-1,-1,-1,-1,-1
1,1,-1,-1,-1,-1,-1,-1,-1,-1,-1,-1
1,2,2,-1,-1,-1,-1,-1,-1,-1,-1,-1
1,1,2,2,4,-1,-1,-1,-1,-1,-1,-1
1,1,3,3,-1,-1,-1,-1,-1,-1,-1,-1
1,1,-1,-1,-1,-1,-1,-1,-1,-1,-1,-1
1,1,3,3,6,-1,-1,-1,-1,-1,-1,-1
1,2,2,-1,-1,-1,-1,-1,-1,-1,-1,-1
1,3,3,6,-1,-1,-1,-1,-1,-1,-1,-1
1,3,3,-1,-1,-1,-1,-1,-1,-1,-1,-1
1,3,3,5,-1,-1,-1,-1,-1,-1,-1,-1
1,1,3,3,-1,-1,-1,-1,-1,-1,-1,-1
1,3,3,-1,-1,-1,-1,-1,-1,-1,-1,-1
1,1,2,2,5,-1,-1,-1,-1,-1,-1,-1
1,1,3,3,6,-1,-1,-1,-1,-1,-1,-1
1,1,-1,-1,-1,-1,-1,-1,-1,-1,-1,-1
1,1,2,2,4,-1,-1,-1,-1,-1,-1,-1
1,3,3,-1,-1,-1,-1,-1,-1,-1,-1,-1
1,3,3,5,-1,-1,-1,-1,-1,-1,-1,-1
1,3,3,6,-1,-1,-1,-1,-1,-1,-1,-1
1,1,-1,-1,-1,-1,-1,-1,-1,-1,-1,-1
1,1,3,3,5,-1,-1,-1,-1,-1,-1,-1
1,1,2,2,4,-1,-1,-1,-1,-1,-1,-1
1,1,3,3,5,-1,-1,-1,-1,-1,-1,-1
1,2,2,4,-1,-1,-1,-1,-1,-1,-1,-1
1,1,3,3,6,-1,-1,-1,-1,-1,-1,-1
1,1,-1,-1,-1,-1,-1,-1,-1,-1,-1,-1
1,1,3,6,-1,-1,-1,-1,-1,-1,-1,-1
1,2,2,4,-1,-1,-1,-1,-1,-1,-1,-1
1,2,2,5,-1,-1,-1,-1,-1,-1,-1,-1
1,2,2,4,-1,-1,-1,-1,-1,-1,-1,-1
1,2,2,4,-1,-1,-1,-1,-1,-1,-1,-1
1,1,3,3,5,-1,-1,-1,-1,-1,-1,-1
1,1,3,3,6,-1,-1,-1,-1,-1,-1,-1
1,1,2,2,-1,-1,-1,-1,-1,-1,-1,-1
1,1,3,5,-1,-1,-1,-1,-1,-1,-1,-1
1,1,2,2,4,-1,-1,-1,-1,-1,-1,-1
1,1,2,2,-1,-1,-1,-1,-1,-1,-1,-1
1,1,3,3,5,-1,-1,-1,-1,-1,-1,-1
1,3,3,5,-1,-1,-1,-1,-1,-1,-1,-1
1,1,2,2,5,-1,-1,-1,-1,-1,-1,-1
1,3,3,6,-1,-1,-1,-1,-1,-1,-1,-1
1,2,2,4,-1,-1,-1,-1,-1,-1,-1,-1
1,3,3,5,-1,-1,-1,-1,-1,-1,-1,-1
1,1,3,3,6,-1,-1,-1,-1,-1,-1,-1
1,1,2,2,4,-1,-1,-1,-1,-1,-1,-1
1,1,-1,-1,-1,-1,-1,-1,-1,-1,-1,-1
1,1,2,2,-1,-1,-1,-1,-1,-1,-1,-1
1,1,2,4,-1,-1,-1,-1,-1,-1,-1,-1
1,1,-1,-1,-1,-1,-1,-1,-1,-1,-1,-1
1,1,3,3,6,-1,-1,-1,-1,-1,-1,-1
1,1,2,2,5,-1,-1,-1,-1,-1,-1,-1
1,1,2,4,-1,-1,-1,-1,-1,-1,-1,-1
1,1,3,3,-1,-1,-1,-1,-1,-1,-1,-1
1,3,3,-1,-1,-1,-1,-1,-1,-1,-1,-1
1,1,2,2,5,-1,-1,-1,-1,-1,-1,-1
1,1,2,2,4,-1,-1,-1,-1,-1,-1,-1
1,3,3,5,-1,-1,-1,-1,-1,-1,-1,-1
1,2,2,4,-1,-1,-1,-1,-1,-1,-1,-1
1,1,2,2,-1,-1,-1,-1,-1,-1,-1,-1
1,3,3,6,-1,-1,-1,-1,-1,-1,-1,-1
1,1,2,2,-1,-1,-1,-1,-1,-1,-1,-1
1,1,-1,-1,-1,-1,-1,-1,-1,-1,-1,-1
1,1,3,3,-1,-1,-1,-1,-1,-1,-1,-1
1,1,-1,-1,-1,-1,-1,-1,-1,-1,-1,-1
1,1,-1,-1,-1,-1,-1,-1,-1,-1,-1,-1
1,1,2,2,-1,-1,-1,-1,-1,-1,-1,-1
1,1,2,2,-1,-1,-1,-1,-1,-1,-1,-1
1,1,3,3,6,-1,-1,-1,-1,-1,-1,-1
1,3,3,-1,-1,-1,-1,-1,-1,-1,-1,-1
1,1,2,2,-1,-1,-1,-1,-1,-1,-1,-1
1,1,2,2,4,-1,-1,-1,-1,-1,-1,-1
1,1,3,3,-1,-1,-1,-1,-1,-1,-1,-1
1,1,4,-1,-1,-1,-1,-1,-1,-1,-1,-1
1,1,3,3,6,-1,-1,-1,-1,-1,-1,-1
1,1,2,2,4,-1,-1,-1,-1,-1,-1,-1
1,1,-1,-1,-1,-1,-1,-1,-1,-1,-1,-1
1,3,3,5,-1,-1,-1,-1,-1,-1,-1,-1
1,1,2,2,-1,-1,-1,-1,-1,-1,-1,-1
1,3,3,5,-1,-1,-1,-1,-1,-1,-1,-1
1,1,2,2,-1,-1,-1,-1,-1,-1,-1,-1
1,2,2,5,-1,-1,-1,-1,-1,-1,-1,-1
1,1,3,5,-1,-1,-1,-1,-1,-1,-1,-1
1,1,2,2,-1,-1,-1,-1,-1,-1,-1,-1
1,1,2,2,5,-1,-1,-1,-1,-1,-1,-1
1,1,-1,-1,-1,-1,-1,-1,-1,-1,-1,-1
1,1,2,2,5,-1,-1,-1,-1,-1,-1,-1
1,3,3,5,-1,-1,-1,-1,-1,-1,-1,-1
1,1,3,3,5,-1,-1,-1,-1,-1,-1,-1
1,1,-1,-1,-1,-1,-1,-1,-1,-1,-1,-1
1,1,-1,-1,-1,-1,-1,-1,-1,-1,-1,-1
1,3,3,5,-1,-1,-1,-1,-1,-1,-1,-1
1,1,-1,-1,-1,-1,-1,-1,-1,-1,-1,-1
1,1,3,3,5,-1,-1,-1,-1,-1,-1,-1
1,1,-1,-1,-1,-1,-1,-1,-1,-1,-1,-1
1,3,3,5,-1,-1,-1,-1,-1,-1,-1,-1
1,2,2,5,-1,-1,-1,-1,-1,-1,-1,-1
1,1,3,3,6,-1,-1,-1,-1,-1,-1,-1
1,3,3,5,-1,-1,-1,-1,-1,-1,-1,-1
1,1,3,3,-1,-1,-1,-1,-1,-1,-1,-1
1,1,3,3,6,-1,-1,-1,-1,-1,-1,-1
1,1,3,3,-1,-1,-1,-1,-1,-1,-1,-1
1,2,2,5,-1,-1,-1,-1,-1,-1,-1,-1
1,1,3,3,5,-1,-1,-1,-1,-1,-1,-1
1,3,3,6,-1,-1,-1,-1,-1,-1,-1,-1
1,1,3,3,-1,-1,-1,-1,-1,-1,-1,-1
1,1,3,3,-1,-1,-1,-1,-1,-1,-1,-1
1,1,3,3,-1,-1,-1,-1,-1,-1,-1,-1
1,1,2,2,5,-1,-1,-1,-1,-1,-1,-1
1,3,3,6,-1,-1,-1,-1,-1,-1,-1,-1
1,1,-1,-1,-1,-1,-1,-1,-1,-1,-1,-1
1,2,2,4,-1,-1,-1,-1,-1,-1,-1,-1
1,3,3,6,-1,-1,-1,-1,-1,-1,-1,-1
1,1,2,2,-1,-1,-1,-1,-1,-1,-1,-1
1,1,3,3,6,-1,-1,-1,-1,-1,-1,-1
1,1,3,3,-1,-1,-1,-1,-1,-1,-1,-1
1,1,3,3,-1,-1,-1,-1,-1,-1,-1,-1
1,2,2,5,-1,-1,-1,-1,-1,-1,-1,-1
1,1,3,3,-1,-1,-1,-1,-1,-1,-1,-1
1,1,2,2,4,-1,-1,-1,-1,-1,-1,-1
1,3,3,-1,-1,-1,-1,-1,-1,-1,-1,-1
1,1,3,3,-1,-1,-1,-1,-1,-1,-1,-1
1,1,3,3,5,-1,-1,-1,-1,-1,-1,-1
1,1,3,3,-1,-1,-1,-1,-1,-1,-1,-1
1,1,3,3,5,-1,-1,-1,-1,-1,-1,-1
1,1,2,2,-1,-1,-1,-1,-1,-1,-1,-1
1,2,2,-1,-1,-1,-1,-1,-1,-1,-1,-1
1,1,-1,-1,-1,-1,-1,-1,-1,-1,-1,-1
1,1,3,3,6,-1,-1,-1,-1,-1,-1,-1
1,1,-1,-1,-1,-1,-1,-1,-1,-1,-1,-1
1,3,3,6,-1,-1,-1,-1,-1,-1,-1,-1
1,1,-1,-1,-1,-1,-1,-1,-1,-1,-1,-1
1,1,-1,-1,-1,-1,-1,-1,-1,-1,-1,-1
1,1,-1,-1,-1,-1,-1,-1,-1,-1,-1,-1
1,2,2,-1,-1,-1,-1,-1,-1,-1,-1,-1
1,1,-1,-1,-1,-1,-1,-1,-1,-1,-1,-1
1,1,4,-1,-1,-1,-1,-1,-1,-1,-1,-1
1,1,2,2,-1,-1,-1,-1,-1,-1,-1,-1
1,3,3,5,-1,-1,-1,-1,-1,-1,-1,-1
1,1,3,3,-1,-1,-1,-1,-1,-1,-1,-1
1,1,2,5,-1,-1,-1,-1,-1,-1,-1,-1
1,3,3,6,-1,-1,-1,-1,-1,-1,-1,-1
1,1,-1,-1,-1,-1,-1,-1,-1,-1,-1,-1
1,1,2,2,4,-1,-1,-1,-1,-1,-1,-1
1,1,2,2,5,-1,-1,-1,-1,-1,-1,-1
1,1,3,3,-1,-1,-1,-1,-1,-1,-1,-1
1,1,2,2,4,-1,-1,-1,-1,-1,-1,-1
1,1,3,3,-1,-1,-1,-1,-1,-1,-1,-1
1,1,-1,-1,-1,-1,-1,-1,-1,-1,-1,-1
1,1,2,2,4,-1,-1,-1,-1,-1,-1,-1
1,2,2,4,-1,-1,-1,-1,-1,-1,-1,-1
1,2,2,4,-1,-1,-1,-1,-1,-1,-1,-1
1,1,-1,-1,-1,-1,-1,-1,-1,-1,-1,-1
1,1,2,2,-1,-1,-1,-1,-1,-1,-1,-1
1,1,4,-1,-1,-1,-1,-1,-1,-1,-1,-1
1,1,-1,-1,-1,-1,-1,-1,-1,-1,-1,-1
1,1,2,2,5,-1,-1,-1,-1,-1,-1,-1
1,1,3,3,-1,-1,-1,-1,-1,-1,-1,-1
1,1,3,3,6,-1,-1,-1,-1,-1,-1,-1
1,2,2,4,-1,-1,-1,-1,-1,-1,-1,-1
1,1,5,-1,-1,-1,-1,-1,-1,-1,-1,-1
1,2,2,4,-1,-1,-1,-1,-1,-1,-1,-1
1,1,2,2,5,-1,-1,-1,-1,-1,-1,-1
1,1,3,3,5,-1,-1,-1,-1,-1,-1,-1
1,2,2,5,-1,-1,-1,-1,-1,-1,-1,-1
1,1,2,2,-1,-1,-1,-1,-1,-1,-1,-1
1,1,2,2,5,-1,-1,-1,-1,-1,-1,-1
1,3,3,-1,-1,-1,-1,-1,-1,-1,-1,-1
1,3,3,6,-1,-1,-1,-1,-1,-1,-1,-1
1,1,2,2,-1,-1,-1,-1,-1,-1,-1,-1
1,1,3,3,5,-1,-1,-1,-1,-1,-1,-1
1,1,2,2,4,-1,-1,-1,-1,-1,-1,-1
1,1,2,2,4,-1,-1,-1,-1,-1,-1,-1
1,1,3,3,5,-1,-1,-1,-1,-1,-1,-1
1,1,-1,-1,-1,-1,-1,-1,-1,-1,-1,-1
1,1,3,3,-1,-1,-1,-1,-1,-1,-1,-1
1,1,3,3,5,-1,-1,-1,-1,-1,-1,-1
1,1,2,2,5,-1,-1,-1,-1,-1,-1,-1
1,3,3,6,-1,-1,-1,-1,-1,-1,-1,-1
1,1,2,2,4,-1,-1,-1,-1,-1,-1,-1
1,1,3,3,-1,-1,-1,-1,-1,-1,-1,-1
1,2,2,5,-1,-1,-1,-1,-1,-1,-1,-1
1,2,2,5,-1,-1,-1,-1,-1,-1,-1,-1
1,1,3,3,-1,-1,-1,-1,-1,-1,-1,-1
1,2,2,-1,-1,-1,-1,-1,-1,-1,-1,-1
1,2,2,4,-1,-1,-1,-1,-1,-1,-1,-1
1,3,3,-1,-1,-1,-1,-1,-1,-1,-1,-1
1,1,3,3,-1,-1,-1,-1,-1,-1,-1,-1
1,1,3,3,5,-1,-1,-1,-1,-1,-1,-1
1,1,3,5,-1,-1,-1,-1,-1,-1,-1,-1
1,1,2,2,4,-1,-1,-1,-1,-1,-1,-1
1,1,3,3,5,-1,-1,-1,-1,-1,-1,-1
1,3,3,-1,-1,-1,-1,-1,-1,-1,-1,-1
1,1,2,2,-1,-1,-1,-1,-1,-1,-1,-1
1,3,3,6,-1,-1,-1,-1,-1,-1,-1,-1
1,1,-1,-1,-1,-1,-1,-1,-1,-1,-1,-1
1,3,3,6,-1,-1,-1,-1,-1,-1,-1,-1
1,2,2,-1,-1,-1,-1,-1,-1,-1,-1,-1
1,1,3,3,6,-1,-1,-1,-1,-1,-1,-1
1,2,2,4,-1,-1,-1,-1,-1,-1,-1,-1
1,3,3,5,-1,-1,-1,-1,-1,-1,-1,-1
1,1,2,2,4,-1,-1,-1,-1,-1,-1,-1
1,1,3,3,5,-1,-1,-1,-1,-1,-1,-1
1,1,2,2,-1,-1,-1,-1,-1,-1,-1,-1
1,3,3,5,-1,-1,-1,-1,-1,-1,-1,-1
1,1,-1,-1,-1,-1,-1,-1,-1,-1,-1,-1
1,1,-1,-1,-1,-1,-1,-1,-1,-1,-1,-1
1,1,-1,-1,-1,-1,-1,-1,-1,-1,-1,-1
1,2,2,-1,-1,-1,-1,-1,-1,-1,-1,-1
1,1,2,2,5,-1,-1,-1,-1,-1,-1,-1
1,1,-1,-1,-1,-1,-1,-1,-1,-1,-1,-1
1,2,2,5,-1,-1,-1,-1,-1,-1,-1,-1
1,1,3,3,-1,-1,-1,-1,-1,-1,-1,-1
1,1,2,2,5,-1,-1,-1,-1,-1,-1,-1
1,2,2,4,-1,-1,-1,-1,-1,-1,-1,-1
1,1,2,2,-1,-1,-1,-1,-1,-1,-1,-1
1,1,3,3,6,-1,-1,-1,-1,-1,-1,-1
1,3,3,5,-1,-1,-1,-1,-1,-1,-1,-1
1,1,5,-1,-1,-1,-1,-1,-1,-1,-1,-1
1,3,3,6,-1,-1,-1,-1,-1,-1,-1,-1
1,1,2,2,-1,-1,-1,-1,-1,-1,-1,-1
1,2,2,-1,-1,-1,-1,-1,-1,-1,-1,-1
1,1,-1,-1,-1,-1,-1,-1,-1,-1,-1,-1
1,2,2,4,-1,-1,-1,-1,-1,-1,-1,-1
1,3,3,6,-1,-1,-1,-1,-1,-1,-1,-1
1,2,2,4,-1,-1,-1,-1,-1,-1,-1,-1
1,2,2,-1,-1,-1,-1,-1,-1,-1,-1,-1
1,1,3,3,-1,-1,-1,-1,-1,-1,-1,-1
1,1,2,2,5,-1,-1,-1,-1,-1,-1,-1
1,1,3,3,-1,-1,-1,-1,-1,-1,-1,-1
1,1,3,3,5,-1,-1,-1,-1,-1,-1,-1
1,3,3,-1,-1,-1,-1,-1,-1,-1,-1,-1
1,1,3,3,6,-1,-1,-1,-1,-1,-1,-1
1,1,2,2,-1,-1,-1,-1,-1,-1,-1,-1
1,1,3,3,6,-1,-1,-1,-1,-1,-1,-1
1,3,3,6,-1,-1,-1,-1,-1,-1,-1,-1
1,2,2,-1,-1,-1,-1,-1,-1,-1,-1,-1
1,1,3,3,6,-1,-1,-1,-1,-1,-1,-1
1,1,3,3,5,-1,-1,-1,-1,-1,-1,-1
1,1,2,2,4,-1,-1,-1,-1,-1,-1,-1
1,3,3,5,-1,-1,-1,-1,-1,-1,-1,-1
1,1,3,3,6,-1,-1,-1,-1,-1,-1,-1
1,3,3,6,-1,-1,-1,-1,-1,-1,-1,-1
1,1,3,3,6,-1,-1,-1,-1,-1,-1,-1
1,1,3,3,6,-1,-1,-1,-1,-1,-1,-1
1,1,3,3,5,-1,-1,-1,-1,-1,-1,-1
1,1,3,3,-1,-1,-1,-1,-1,-1,-1,-1
1,1,-1,-1,-1,-1,-1,-1,-1,-1,-1,-1
1,3,3,5,-1,-1,-1,-1,-1,-1,-1,-1
1,1,-1,-1,-1,-1,-1,-1,-1,-1,-1,-1
1,1,2,2,5,-1,-1,-1,-1,-1,-1,-1
1,1,-1,-1,-1,-1,-1,-1,-1,-1,-1,-1
1,1,2,2,5,-1,-1,-1,-1,-1,-1,-1
1,1,3,6,-1,-1,-1,-1,-1,-1,-1,-1
1,1,3,3,5,-1,-1,-1,-1,-1,-1,-1
1,1,3,3,5,-1,-1,-1,-1,-1,-1,-1
1,1,3,3,-1,-1,-1,-1,-1,-1,-1,-1
1,1,3,3,5,-1,-1,-1,-1,-1,-1,-1
1,1,2,2,4,-1,-1,-1,-1,-1,-1,-1
1,3,3,5,-1,-1,-1,-1,-1,-1,-1,-1
1,2,2,4,-1,-1,-1,-1,-1,-1,-1,-1
1,1,3,3,6,-1,-1,-1,-1,-1,-1,-1
1,1,-1,-1,-1,-1,-1,-1,-1,-1,-1,-1
1,3,3,6,-1,-1,-1,-1,-1,-1,-1,-1
1,1,4,-1,-1,-1,-1,-1,-1,-1,-1,-1
1,1,-1,-1,-1,-1,-1,-1,-1,-1,-1,-1
1,1,3,3,-1,-1,-1,-1,-1,-1,-1,-1
1,1,-1,-1,-1,-1,-1,-1,-1,-1,-1,-1
1,1,-1,-1,-1,-1,-1,-1,-1,-1,-1,-1
1,1,2,-1,-1,-1,-1,-1,-1,-1,-1,-1
1,3,3,6,-1,-1,-1,-1,-1,-1,-1,-1
1,1,3,3,-1,-1,-1,-1,-1,-1,-1,-1
1,1,3,3,6,-1,-1,-1,-1,-1,-1,-1
1,1,2,2,-1,-1,-1,-1,-1,-1,-1,-1
1,1,-1,-1,-1,-1,-1,-1,-1,-1,-1,-1
1,1,2,2,4,-1,-1,-1,-1,-1,-1,-1
1,1,-1,-1,-1,-1,-1,-1,-1,-1,-1,-1
1,1,2,2,-1,-1,-1,-1,-1,-1,-1,-1
1,1,-1,-1,-1,-1,-1,-1,-1,-1,-1,-1
1,1,2,2,4,-1,-1,-1,-1,-1,-1,-1
1,1,3,3,-1,-1,-1,-1,-1,-1,-1,-1
1,1,3,6,-1,-1,-1,-1,-1,-1,-1,-1
1,3,3,6,-1,-1,-1,-1,-1,-1,-1,-1
1,1,-1,-1,-1,-1,-1,-1,-1,-1,-1,-1
1,1,-1,-1,-1,-1,-1,-1,-1,-1,-1,-1
1,1,2,2,-1,-1,-1,-1,-1,-1,-1,-1
1,1,2,2,5,-1,-1,-1,-1,-1,-1,-1
1,1,-1,-1,-1,-1,-1,-1,-1,-1,-1,-1
1,1,-1,-1,-1,-1,-1,-1,-1,-1,-1,-1
1,1,2,2,5,-1,-1,-1,-1,-1,-1,-1
1,1,3,3,6,-1,-1,-1,-1,-1,-1,-1
1,1,3,3,-1,-1,-1,-1,-1,-1,-1,-1
1,2,2,4,-1,-1,-1,-1,-1,-1,-1,-1
1,1,2,2,-1,-1,-1,-1,-1,-1,-1,-1
1,1,-1,-1,-1,-1,-1,-1,-1,-1,-1,-1
1,1,3,3,-1,-1,-1,-1,-1,-1,-1,-1
1,3,3,5,-1,-1,-1,-1,-1,-1,-1,-1
1,1,-1,-1,-1,-1,-1,-1,-1,-1,-1,-1
1,1,3,3,5,-1,-1,-1,-1,-1,-1,-1
1,3,3,5,-1,-1,-1,-1,-1,-1,-1,-1
1,2,2,-1,-1,-1,-1,-1,-1,-1,-1,-1
1,3,3,5,-1,-1,-1,-1,-1,-1,-1,-1
1,2,2,5,-1,-1,-1,-1,-1,-1,-1,-1
1,1,3,3,6,-1,-1,-1,-1,-1,-1,-1
1,1,2,2,-1,-1,-1,-1,-1,-1,-1,-1
1,2,2,4,-1,-1,-1,-1,-1,-1,-1,-1
1,1,2,2,4,-1,-1,-1,-1,-1,-1,-1
1,1,3,3,5,-1,-1,-1,-1,-1,-1,-1
1,1,-1,-1,-1,-1,-1,-1,-1,-1,-1,-1
1,1,2,2,-1,-1,-1,-1,-1,-1,-1,-1
1,1,2,2,4,-1,-1,-1,-1,-1,-1,-1
1,1,-1,-1,-1,-1,-1,-1,-1,-1,-1,-1
1,2,2,-1,-1,-1,-1,-1,-1,-1,-1,-1
1,1,-1,-1,-1,-1,-1,-1,-1,-1,-1,-1
1,1,3,3,-1,-1,-1,-1,-1,-1,-1,-1
1,1,-1,-1,-1,-1,-1,-1,-1,-1,-1,-1
1,1,-1,-1,-1,-1,-1,-1,-1,-1,-1,-1
1,1,2,2,-1,-1,-1,-1,-1,-1,-1,-1
1,1,2,2,5,-1,-1,-1,-1,-1,-1,-1
1,3,3,6,-1,-1,-1,-1,-1,-1,-1,-1
1,1,2,2,-1,-1,-1,-1,-1,-1,-1,-1
1,1,3,3,-1,-1,-1,-1,-1,-1,-1,-1
1,2,2,-1,-1,-1,-1,-1,-1,-1,-1,-1
1,3,3,6,-1,-1,-1,-1,-1,-1,-1,-1
1,1,3,3,5,-1,-1,-1,-1,-1,-1,-1
1,1,2,2,-1,-1,-1,-1,-1,-1,-1,-1
1,1,3,3,5,-1,-1,-1,-1,-1,-1,-1
1,1,3,3,5,-1,-1,-1,-1,-1,-1,-1
1,1,2,4,-1,-1,-1,-1,-1,-1,-1,-1
1,1,3,3,5,-1,-1,-1,-1,-1,-1,-1
1,1,-1,-1,-1,-1,-1,-1,-1,-1,-1,-1
1,3,3,6,-1,-1,-1,-1,-1,-1,-1,-1
1,2,2,4,-1,-1,-1,-1,-1,-1,-1,-1
1,3,3,6,-1,-1,-1,-1,-1,-1,-1,-1
1,1,2,2,4,-1,-1,-1,-1,-1,-1,-1
1,1,3,3,5,-1,-1,-1,-1,-1,-1,-1
1,1,-1,-1,-1,-1,-1,-1,-1,-1,-1,-1
1,1,3,3,5,-1,-1,-1,-1,-1,-1,-1
1,1,2,2,5,-1,-1,-1,-1,-1,-1,-1
1,2,2,5,-1,-1,-1,-1,-1,-1,-1,-1
1,3,3,5,-1,-1,-1,-1,-1,-1,-1,-1
1,3,3,6,-1,-1,-1,-1,-1,-1,-1,-1
1,2,2,4,-1,-1,-1,-1,-1,-1,-1,-1
1,1,2,2,5,-1,-1,-1,-1,-1,-1,-1
1,2,2,-1,-1,-1,-1,-1,-1,-1,-1,-1
1,3,3,5,-1,-1,-1,-1,-1,-1,-1,-1
1,1,2,2,5,-1,-1,-1,-1,-1,-1,-1
1,3,3,5,-1,-1,-1,-1,-1,-1,-1,-1
1,1,2,2,-1,-1,-1,-1,-1,-1,-1,-1
1,1,2,2,-1,-1,-1,-1,-1,-1,-1,-1
1,1,-1,-1,-1,-1,-1,-1,-1,-1,-1,-1
1,2,2,4,-1,-1,-1,-1,-1,-1,-1,-1
1,1,2,2,5,-1,-1,-1,-1,-1,-1,-1
1,1,3,3,5,-1,-1,-1,-1,-1,-1,-1
1,1,2,2,-1,-1,-1,-1,-1,-1,-1,-1
1,3,3,5,-1,-1,-1,-1,-1,-1,-1,-1
1,2,2,4,-1,-1,-1,-1,-1,-1,-1,-1
1,1,2,2,5,-1,-1,-1,-1,-1,-1,-1
1,1,2,2,5,-1,-1,-1,-1,-1,-1,-1
1,1,3,3,-1,-1,-1,-1,-1,-1,-1,-1
1,3,3,-1,-1,-1,-1,-1,-1,-1,-1,-1
1,1,2,2,-1,-1,-1,-1,-1,-1,-1,-1
1,3,3,5,-1,-1,-1,-1,-1,-1,-1,-1
1,1,2,2,4,-1,-1,-1,-1,-1,-1,-1
1,2,2,5,-1,-1,-1,-1,-1,-1,-1,-1
1,1,2,2,5,-1,-1,-1,-1,-1,-1,-1
1,2,2,-1,-1,-1,-1,-1,-1,-1,-1,-1
1,1,2,2,5,-1,-1,-1,-1,-1,-1,-1
1,1,-1,-1,-1,-1,-1,-1,-1,-1,-1,-1
1,1,2,2,-1,-1,-1,-1,-1,-1,-1,-1
1,2,2,5,-1,-1,-1,-1,-1,-1,-1,-1
1,2,2,4,-1,-1,-1,-1,-1,-1,-1,-1
1,3,3,6,-1,-1,-1,-1,-1,-1,-1,-1
1,2,2,4,-1,-1,-1,-1,-1,-1,-1,-1
1,2,2,5,-1,-1,-1,-1,-1,-1,-1,-1
1,1,-1,-1,-1,-1,-1,-1,-1,-1,-1,-1
1,3,3,6,-1,-1,-1,-1,-1,-1,-1,-1
1,3,3,5,-1,-1,-1,-1,-1,-1,-1,-1
1,3,3,5,-1,-1,-1,-1,-1,-1,-1,-1
1,3,3,-1,-1,-1,-1,-1,-1,-1,-1,-1
1,1,3,3,6,-1,-1,-1,-1,-1,-1,-1
1,1,3,3,6,-1,-1,-1,-1,-1,-1,-1
1,1,-1,-1,-1,-1,-1,-1,-1,-1,-1,-1
1,2,2,5,-1,-1,-1,-1,-1,-1,-1,-1
1,1,3,3,5,-1,-1,-1,-1,-1,-1,-1
1,1,2,2,4,-1,-1,-1,-1,-1,-1,-1
1,1,-1,-1,-1,-1,-1,-1,-1,-1,-1,-1
1,1,3,3,5,-1,-1,-1,-1,-1,-1,-1
1,1,3,3,5,-1,-1,-1,-1,-1,-1,-1
1,3,3,5,-1,-1,-1,-1,-1,-1,-1,-1
1,1,3,3,5,-1,-1,-1,-1,-1,-1,-1
1,2,2,5,-1,-1,-1,-1,-1,-1,-1,-1
1,2,2,5,-1,-1,-1,-1,-1,-1,-1,-1
1,1,-1,-1,-1,-1,-1,-1,-1,-1,-1,-1
1,1,2,2,5,-1,-1,-1,-1,-1,-1,-1
1,1,2,2,4,-1,-1,-1,-1,-1,-1,-1
1,1,-1,-1,-1,-1,-1,-1,-1,-1,-1,-1
1,2,2,-1,-1,-1,-1,-1,-1,-1,-1,-1
1,1,2,2,5,-1,-1,-1,-1,-1,-1,-1
1,1,3,3,6,-1,-1,-1,-1,-1,-1,-1
1,1,2,2,5,-1,-1,-1,-1,-1,-1,-1
1,3,3,6,-1,-1,-1,-1,-1,-1,-1,-1
1,1,3,3,5,-1,-1,-1,-1,-1,-1,-1
1,3,3,5,-1,-1,-1,-1,-1,-1,-1,-1
1,2,2,5,-1,-1,-1,-1,-1,-1,-1,-1
1,1,-1,-1,-1,-1,-1,-1,-1,-1,-1,-1
1,3,3,5,-1,-1,-1,-1,-1,-1,-1,-1
1,1,-1,-1,-1,-1,-1,-1,-1,-1,-1,-1
1,1,3,3,5,-1,-1,-1,-1,-1,-1,-1
1,3,3,5,-1,-1,-1,-1,-1,-1,-1,-1
1,1,2,2,-1,-1,-1,-1,-1,-1,-1,-1
1,1,-1,-1,-1,-1,-1,-1,-1,-1,-1,-1
1,3,3,5,-1,-1,-1,-1,-1,-1,-1,-1
1,1,2,2,5,-1,-1,-1,-1,-1,-1,-1
1,2,2,4,-1,-1,-1,-1,-1,-1,-1,-1
1,1,2,2,4,-1,-1,-1,-1,-1,-1,-1
1,1,2,2,4,-1,-1,-1,-1,-1,-1,-1
1,1,-1,-1,-1,-1,-1,-1,-1,-1,-1,-1
1,3,3,-1,-1,-1,-1,-1,-1,-1,-1,-1
1,3,3,-1,-1,-1,-1,-1,-1,-1,-1,-1
1,1,3,3,-1,-1,-1,-1,-1,-1,-1,-1
1,1,3,3,-1,-1,-1,-1,-1,-1,-1,-1
1,1,2,2,4,-1,-1,-1,-1,-1,-1,-1
1,1,3,3,5,-1,-1,-1,-1,-1,-1,-1
1,3,3,5,-1,-1,-1,-1,-1,-1,-1,-1
1,1,3,3,6,-1,-1,-1,-1,-1,-1,-1
1,1,-1,-1,-1,-1,-1,-1,-1,-1,-1,-1
1,1,-1,-1,-1,-1,-1,-1,-1,-1,-1,-1
1,1,-1,-1,-1,-1,-1,-1,-1,-1,-1,-1
1,3,3,5,-1,-1,-1,-1,-1,-1,-1,-1
1,3,3,6,-1,-1,-1,-1,-1,-1,-1,-1
1,1,-1,-1,-1,-1,-1,-1,-1,-1,-1,-1
1,1,3,3,5,-1,-1,-1,-1,-1,-1,-1
1,1,3,3,-1,-1,-1,-1,-1,-1,-1,-1
1,1,2,2,4,-1,-1,-1,-1,-1,-1,-1
1,1,-1,-1,-1,-1,-1,-1,-1,-1,-1,-1
1,3,3,6,-1,-1,-1,-1,-1,-1,-1,-1
1,1,3,3,5,-1,-1,-1,-1,-1,-1,-1
1,1,2,2,-1,-1,-1,-1,-1,-1,-1,-1
1,3,3,-1,-1,-1,-1,-1,-1,-1,-1,-1
1,1,2,2,5,-1,-1,-1,-1,-1,-1,-1
1,1,2,2,-1,-1,-1,-1,-1,-1,-1,-1
1,1,-1,-1,-1,-1,-1,-1,-1,-1,-1,-1
1,1,2,2,5,-1,-1,-1,-1,-1,-1,-1
1,1,2,2,4,-1,-1,-1,-1,-1,-1,-1
1,1,2,2,5,-1,-1,-1,-1,-1,-1,-1
1,1,6,-1,-1,-1,-1,-1,-1,-1,-1,-1
1,1,-1,-1,-1,-1,-1,-1,-1,-1,-1,-1
1,3,3,6,-1,-1,-1,-1,-1,-1,-1,-1
1,1,3,3,6,-1,-1,-1,-1,-1,-1,-1
1,1,2,2,4,-1,-1,-1,-1,-1,-1,-1
1,3,3,-1,-1,-1,-1,-1,-1,-1,-1,-1
1,3,3,5,-1,-1,-1,-1,-1,-1,-1,-1
1,1,2,2,-1,-1,-1,-1,-1,-1,-1,-1
1,2,2,4,-1,-1,-1,-1,-1,-1,-1,-1
1,1,-1,-1,-1,-1,-1,-1,-1,-1,-1,-1
1,1,3,5,-1,-1,-1,-1,-1,-1,-1,-1
1,1,-1,-1,-1,-1,-1,-1,-1,-1,-1,-1
1,1,2,5,-1,-1,-1,-1,-1,-1,-1,-1
1,1,3,3,6,-1,-1,-1,-1,-1,-1,-1
1,1,-1,-1,-1,-1,-1,-1,-1,-1,-1,-1
1,1,2,2,5,-1,-1,-1,-1,-1,-1,-1
1,3,3,5,-1,-1,-1,-1,-1,-1,-1,-1
1,2,2,4,-1,-1,-1,-1,-1,-1,-1,-1
1,1,3,3,5,-1,-1,-1,-1,-1,-1,-1
1,2,2,-1,-1,-1,-1,-1,-1,-1,-1,-1
1,1,3,6,-1,-1,-1,-1,-1,-1,-1,-1
1,1,-1,-1,-1,-1,-1,-1,-1,-1,-1,-1
1,3,3,5,-1,-1,-1,-1,-1,-1,-1,-1
1,2,2,5,-1,-1,-1,-1,-1,-1,-1,-1
1,3,3,5,-1,-1,-1,-1,-1,-1,-1,-1
1,1,2,2,-1,-1,-1,-1,-1,-1,-1,-1
1,1,3,3,-1,-1,-1,-1,-1,-1,-1,-1
1,3,3,5,-1,-1,-1,-1,-1,-1,-1,-1
1,1,3,3,5,-1,-1,-1,-1,-1,-1,-1
1,3,3,6,-1,-1,-1,-1,-1,-1,-1,-1
1,1,3,3,6,-1,-1,-1,-1,-1,-1,-1
1,1,2,2,5,-1,-1,-1,-1,-1,-1,-1
1,1,-1,-1,-1,-1,-1,-1,-1,-1,-1,-1
1,1,2,2,-1,-1,-1,-1,-1,-1,-1,-1
1,1,6,-1,-1,-1,-1,-1,-1,-1,-1,-1
1,1,-1,-1,-1,-1,-1,-1,-1,-1,-1,-1
1,1,3,3,5,-1,-1,-1,-1,-1,-1,-1
1,1,3,3,5,-1,-1,-1,-1,-1,-1,-1
1,2,2,4,-1,-1,-1,-1,-1,-1,-1,-1
1,1,2,2,5,-1,-1,-1,-1,-1,-1,-1
1,1,-1,-1,-1,-1,-1,-1,-1,-1,-1,-1
1,1,-1,-1,-1,-1,-1,-1,-1,-1,-1,-1
1,1,-1,-1,-1,-1,-1,-1,-1,-1,-1,-1
1,2,2,5,-1,-1,-1,-1,-1,-1,-1,-1
1,1,2,2,5,-1,-1,-1,-1,-1,-1,-1
1,2,2,5,-1,-1,-1,-1,-1,-1,-1,-1
1,1,3,3,6,-1,-1,-1,-1,-1,-1,-1
1,2,2,5,-1,-1,-1,-1,-1,-1,-1,-1
1,1,3,3,-1,-1,-1,-1,-1,-1,-1,-1
1,2,2,5,-1,-1,-1,-1,-1,-1,-1,-1
1,3,3,6,-1,-1,-1,-1,-1,-1,-1,-1
1,3,3,-1,-1,-1,-1,-1,-1,-1,-1,-1
1,3,3,5,-1,-1,-1,-1,-1,-1,-1,-1
1,1,3,3,5,-1,-1,-1,-1,-1,-1,-1
1,2,2,5,-1,-1,-1,-1,-1,-1,-1,-1
1,1,2,2,4,-1,-1,-1,-1,-1,-1,-1
1,1,3,3,-1,-1,-1,-1,-1,-1,-1,-1
1,2,2,4,-1,-1,-1,-1,-1,-1,-1,-1
1,1,2,2,5,-1,-1,-1,-1,-1,-1,-1
1,1,3,3,5,-1,-1,-1,-1,-1,-1,-1
1,1,-1,-1,-1,-1,-1,-1,-1,-1,-1,-1
1,1,3,3,5,-1,-1,-1,-1,-1,-1,-1
1,3,3,5,-1,-1,-1,-1,-1,-1,-1,-1
1,1,2,2,5,-1,-1,-1,-1,-1,-1,-1
1,1,-1,-1,-1,-1,-1,-1,-1,-1,-1,-1
1,1,3,3,5,-1,-1,-1,-1,-1,-1,-1
1,1,3,3,5,-1,-1,-1,-1,-1,-1,-1
1,1,3,3,-1,-1,-1,-1,-1,-1,-1,-1
1,3,3,5,-1,-1,-1,-1,-1,-1,-1,-1
1,1,-1,-1,-1,-1,-1,-1,-1,-1,-1,-1
1,3,3,-1,-1,-1,-1,-1,-1,-1,-1,-1
1,3,3,5,-1,-1,-1,-1,-1,-1,-1,-1
1,1,-1,-1,-1,-1,-1,-1,-1,-1,-1,-1
1,2,2,5,-1,-1,-1,-1,-1,-1,-1,-1
1,1,3,3,6,-1,-1,-1,-1,-1,-1,-1
1,1,2,2,4,-1,-1,-1,-1,-1,-1,-1
1,1,-1,-1,-1,-1,-1,-1,-1,-1,-1,-1
1,1,2,2,-1,-1,-1,-1,-1,-1,-1,-1
1,1,2,2,-1,-1,-1,-1,-1,-1,-1,-1
1,1,2,2,-1,-1,-1,-1,-1,-1,-1,-1
1,3,3,6,-1,-1,-1,-1,-1,-1,-1,-1
1,1,3,3,5,-1,-1,-1,-1,-1,-1,-1
1,1,2,2,-1,-1,-1,-1,-1,-1,-1,-1
1,1,2,2,-1,-1,-1,-1,-1,-1,-1,-1
1,1,-1,-1,-1,-1,-1,-1,-1,-1,-1,-1
1,1,2,2,-1,-1,-1,-1,-1,-1,-1,-1
1,1,2,2,5,-1,-1,-1,-1,-1,-1,-1
1,1,2,2,5,-1,-1,-1,-1,-1,-1,-1
1,2,2,5,-1,-1,-1,-1,-1,-1,-1,-1
1,3,3,6,-1,-1,-1,-1,-1,-1,-1,-1
1,1,3,3,-1,-1,-1,-1,-1,-1,-1,-1
1,1,2,5,-1,-1,-1,-1,-1,-1,-1,-1
1,1,-1,-1,-1,-1,-1,-1,-1,-1,-1,-1
1,1,-1,-1,-1,-1,-1,-1,-1,-1,-1,-1
1,1,2,2,5,-1,-1,-1,-1,-1,-1,-1
1,1,-1,-1,-1,-1,-1,-1,-1,-1,-1,-1
1,1,2,2,4,-1,-1,-1,-1,-1,-1,-1
1,2,2,5,-1,-1,-1,-1,-1,-1,-1,-1
1,1,3,3,6,-1,-1,-1,-1,-1,-1,-1
1,1,3,3,5,-1,-1,-1,-1,-1,-1,-1
1,3,3,6,-1,-1,-1,-1,-1,-1,-1,-1
1,1,2,5,-1,-1,-1,-1,-1,-1,-1,-1
1,1,3,3,6,-1,-1,-1,-1,-1,-1,-1
1,1,-1,-1,-1,-1,-1,-1,-1,-1,-1,-1
1,1,3,3,6,-1,-1,-1,-1,-1,-1,-1
1,1,2,2,5,-1,-1,-1,-1,-1,-1,-1
1,1,3,3,6,-1,-1,-1,-1,-1,-1,-1
1,1,2,2,4,-1,-1,-1,-1,-1,-1,-1
1,1,-1,-1,-1,-1,-1,-1,-1,-1,-1,-1
1,1,-1,-1,-1,-1,-1,-1,-1,-1,-1,-1
1,1,2,2,5,-1,-1,-1,-1,-1,-1,-1
1,3,3,6,-1,-1,-1,-1,-1,-1,-1,-1
1,1,3,3,5,-1,-1,-1,-1,-1,-1,-1
1,1,2,2,5,-1,-1,-1,-1,-1,-1,-1
1,1,2,2,-1,-1,-1,-1,-1,-1,-1,-1
1,2,2,5,-1,-1,-1,-1,-1,-1,-1,-1
1,1,3,3,5,-1,-1,-1,-1,-1,-1,-1
1,3,3,6,-1,-1,-1,-1,-1,-1,-1,-1
1,1,2,2,4,-1,-1,-1,-1,-1,-1,-1
1,3,3,5,-1,-1,-1,-1,-1,-1,-1,-1
1,1,2,2,5,-1,-1,-1,-1,-1,-1,-1
1,3,3,5,-1,-1,-1,-1,-1,-1,-1,-1
1,3,3,5,-1,-1,-1,-1,-1,-1,-1,-1
1,1,3,3,5,-1,-1,-1,-1,-1,-1,-1
1,1,-1,-1,-1,-1,-1,-1,-1,-1,-1,-1
1,1,3,3,5,-1,-1,-1,-1,-1,-1,-1
1,1,2,2,5,-1,-1,-1,-1,-1,-1,-1
1,1,2,2,5,-1,-1,-1,-1,-1,-1,-1
1,1,2,2,5,-1,-1,-1,-1,-1,-1,-1
1,2,2,-1,-1,-1,-1,-1,-1,-1,-1,-1
1,3,3,-1,-1,-1,-1,-1,-1,-1,-1,-1
1,3,3,5,-1,-1,-1,-1,-1,-1,-1,-1
1,1,3,3,6,-1,-1,-1,-1,-1,-1,-1
1,1,-1,-1,-1,-1,-1,-1,-1,-1,-1,-1
1,1,2,2,-1,-1,-1,-1,-1,-1,-1,-1
1,1,3,3,5,-1,-1,-1,-1,-1,-1,-1
1,1,-1,-1,-1,-1,-1,-1,-1,-1,-1,-1
1,1,3,3,6,-1,-1,-1,-1,-1,-1,-1
1,3,3,6,-1,-1,-1,-1,-1,-1,-1,-1
1,1,3,3,6,-1,-1,-1,-1,-1,-1,-1
1,1,2,2,4,-1,-1,-1,-1,-1,-1,-1
1,3,3,6,-1,-1,-1,-1,-1,-1,-1,-1
1,1,-1,-1,-1,-1,-1,-1,-1,-1,-1,-1
1,1,-1,-1,-1,-1,-1,-1,-1,-1,-1,-1
1,1,2,2,4,-1,-1,-1,-1,-1,-1,-1
1,2,2,4,-1,-1,-1,-1,-1,-1,-1,-1
1,2,2,-1,-1,-1,-1,-1,-1,-1,-1,-1
1,1,2,2,4,-1,-1,-1,-1,-1,-1,-1
1,1,-1,-1,-1,-1,-1,-1,-1,-1,-1,-1
1,1,2,2,4,-1,-1,-1,-1,-1,-1,-1
1,1,-1,-1,-1,-1,-1,-1,-1,-1,-1,-1
1,1,2,2,-1,-1,-1,-1,-1,-1,-1,-1
1,3,3,6,-1,-1,-1,-1,-1,-1,-1,-1
1,1,3,3,6,-1,-1,-1,-1,-1,-1,-1
1,1,2,2,5,-1,-1,-1,-1,-1,-1,-1
1,3,3,6,-1,-1,-1,-1,-1,-1,-1,-1
1,1,-1,-1,-1,-1,-1,-1,-1,-1,-1,-1
1,3,3,5,-1,-1,-1,-1,-1,-1,-1,-1
1,2,2,4,-1,-1,-1,-1,-1,-1,-1,-1
1,1,2,-1,-1,-1,-1,-1,-1,-1,-1,-1
1,3,3,5,-1,-1,-1,-1,-1,-1,-1,-1
1,1,3,3,6,-1,-1,-1,-1,-1,-1,-1
1,3,3,5,-1,-1,-1,-1,-1,-1,-1,-1
1,3,3,5,-1,-1,-1,-1,-1,-1,-1,-1
1,1,2,2,-1,-1,-1,-1,-1,-1,-1,-1
1,1,3,3,6,-1,-1,-1,-1,-1,-1,-1
1,1,3,3,6,-1,-1,-1,-1,-1,-1,-1
1,2,2,5,-1,-1,-1,-1,-1,-1,-1,-1
1,1,3,3,6,-1,-1,-1,-1,-1,-1,-1
1,1,3,3,5,-1,-1,-1,-1,-1,-1,-1
1,1,2,2,4,-1,-1,-1,-1,-1,-1,-1
1,1,2,2,4,-1,-1,-1,-1,-1,-1,-1
1,1,-1,-1,-1,-1,-1,-1,-1,-1,-1,-1
1,3,3,5,-1,-1,-1,-1,-1,-1,-1,-1
1,2,2,5,-1,-1,-1,-1,-1,-1,-1,-1
1,1,-1,-1,-1,-1,-1,-1,-1,-1,-1,-1
1,1,2,2,4,-1,-1,-1,-1,-1,-1,-1
1,1,4,-1,-1,-1,-1,-1,-1,-1,-1,-1
1,1,2,2,5,-1,-1,-1,-1,-1,-1,-1
1,1,3,3,-1,-1,-1,-1,-1,-1,-1,-1
1,1,2,2,5,-1,-1,-1,-1,-1,-1,-1
1,2,2,5,-1,-1,-1,-1,-1,-1,-1,-1
1,2,2,4,-1,-1,-1,-1,-1,-1,-1,-1
1,2,2,-1,-1,-1,-1,-1,-1,-1,-1,-1
1,1,-1,-1,-1,-1,-1,-1,-1,-1,-1,-1
1,1,3,3,5,-1,-1,-1,-1,-1,-1,-1
1,1,2,2,5,-1,-1,-1,-1,-1,-1,-1
1,1,3,3,5,-1,-1,-1,-1,-1,-1,-1
1,2,2,-1,-1,-1,-1,-1,-1,-1,-1,-1
1,1,3,3,5,-1,-1,-1,-1,-1,-1,-1
1,1,-1,-1,-1,-1,-1,-1,-1,-1,-1,-1
1,2,2,4,-1,-1,-1,-1,-1,-1,-1,-1
1,3,3,6,-1,-1,-1,-1,-1,-1,-1,-1
1,1,2,2,4,-1,-1,-1,-1,-1,-1,-1
1,3,3,6,-1,-1,-1,-1,-1,-1,-1,-1
1,1,2,2,5,-1,-1,-1,-1,-1,-1,-1
1,2,2,5,-1,-1,-1,-1,-1,-1,-1,-1
1,1,-1,-1,-1,-1,-1,-1,-1,-1,-1,-1
1,3,3,-1,-1,-1,-1,-1,-1,-1,-1,-1
1,1,3,3,6,-1,-1,-1,-1,-1,-1,-1
1,1,3,3,6,-1,-1,-1,-1,-1,-1,-1
1,1,3,3,5,-1,-1,-1,-1,-1,-1,-1
1,1,3,3,6,-1,-1,-1,-1,-1,-1,-1
1,1,2,2,4,-1,-1,-1,-1,-1,-1,-1
1,1,-1,-1,-1,-1,-1,-1,-1,-1,-1,-1
1,1,-1,-1,-1,-1,-1,-1,-1,-1,-1,-1
1,1,2,2,-1,-1,-1,-1,-1,-1,-1,-1
1,1,3,3,5,-1,-1,-1,-1,-1,-1,-1
1,1,4,-1,-1,-1,-1,-1,-1,-1,-1,-1
1,1,2,2,4,-1,-1,-1,-1,-1,-1,-1
1,1,-1,-1,-1,-1,-1,-1,-1,-1,-1,-1
1,1,2,2,4,-1,-1,-1,-1,-1,-1,-1
1,3,3,6,-1,-1,-1,-1,-1,-1,-1,-1
1,2,2,5,-1,-1,-1,-1,-1,-1,-1,-1
1,1,3,3,6,-1,-1,-1,-1,-1,-1,-1
1,1,2,2,4,-1,-1,-1,-1,-1,-1,-1
1,2,2,-1,-1,-1,-1,-1,-1,-1,-1,-1
1,1,-1,-1,-1,-1,-1,-1,-1,-1,-1,-1
1,1,-1,-1,-1,-1,-1,-1,-1,-1,-1,-1
1,3,3,5,-1,-1,-1,-1,-1,-1,-1,-1
1,1,2,2,-1,-1,-1,-1,-1,-1,-1,-1
1,1,3,3,5,-1,-1,-1,-1,-1,-1,-1
1,1,2,2,5,-1,-1,-1,-1,-1,-1,-1
1,1,-1,-1,-1,-1,-1,-1,-1,-1,-1,-1
1,1,3,3,6,-1,-1,-1,-1,-1,-1,-1
1,1,-1,-1,-1,-1,-1,-1,-1,-1,-1,-1
1,1,3,6,-1,-1,-1,-1,-1,-1,-1,-1
1,1,3,3,5,-1,-1,-1,-1,-1,-1,-1
1,1,-1,-1,-1,-1,-1,-1,-1,-1,-1,-1
1,1,2,2,-1,-1,-1,-1,-1,-1,-1,-1
1,1,2,2,4,-1,-1,-1,-1,-1,-1,-1
1,1,3,3,5,-1,-1,-1,-1,-1,-1,-1
1,1,-1,-1,-1,-1,-1,-1,-1,-1,-1,-1
1,1,3,3,6,-1,-1,-1,-1,-1,-1,-1
1,1,3,3,5,-1,-1,-1,-1,-1,-1,-1
1,1,3,3,5,-1,-1,-1,-1,-1,-1,-1
1,1,3,6,-1,-1,-1,-1,-1,-1,-1,-1
1,1,3,3,6,-1,-1,-1,-1,-1,-1,-1
1,3,3,6,-1,-1,-1,-1,-1,-1,-1,-1
1,1,2,2,4,-1,-1,-1,-1,-1,-1,-1
1,1,3,3,-1,-1,-1,-1,-1,-1,-1,-1
1,2,2,5,-1,-1,-1,-1,-1,-1,-1,-1
1,1,-1,-1,-1,-1,-1,-1,-1,-1,-1,-1
1,3,3,6,-1,-1,-1,-1,-1,-1,-1,-1
1,1,2,2,5,-1,-1,-1,-1,-1,-1,-1
1,1,-1,-1,-1,-1,-1,-1,-1,-1,-1,-1
1,2,2,-1,-1,-1,-1,-1,-1,-1,-1,-1
1,1,3,3,6,-1,-1,-1,-1,-1,-1,-1
1,1,3,3,6,-1,-1,-1,-1,-1,-1,-1
1,1,2,2,4,-1,-1,-1,-1,-1,-1,-1
1,1,-1,-1,-1,-1,-1,-1,-1,-1,-1,-1
1,1,2,2,5,-1,-1,-1,-1,-1,-1,-1
1,1,2,2,-1,-1,-1,-1,-1,-1,-1,-1
1,1,-1,-1,-1,-1,-1,-1,-1,-1,-1,-1
1,1,2,2,4,-1,-1,-1,-1,-1,-1,-1
1,1,2,2,4,-1,-1,-1,-1,-1,-1,-1
1,1,5,-1,-1,-1,-1,-1,-1,-1,-1,-1
1,1,3,3,-1,-1,-1,-1,-1,-1,-1,-1
1,1,-1,-1,-1,-1,-1,-1,-1,-1,-1,-1
1,1,-1,-1,-1,-1,-1,-1,-1,-1,-1,-1
1,1,3,3,-1,-1,-1,-1,-1,-1,-1,-1
1,1,-1,-1,-1,-1,-1,-1,-1,-1,-1,-1
1,1,2,4,-1,-1,-1,-1,-1,-1,-1,-1
1,1,3,3,5,-1,-1,-1,-1,-1,-1,-1
1,1,3,3,6,-1,-1,-1,-1,-1,-1,-1
1,1,2,2,-1,-1,-1,-1,-1,-1,-1,-1
1,3,3,5,-1,-1,-1,-1,-1,-1,-1,-1
1,2,2,4,-1,-1,-1,-1,-1,-1,-1,-1
1,1,-1,-1,-1,-1,-1,-1,-1,-1,-1,-1
1,1,-1,-1,-1,-1,-1,-1,-1,-1,-1,-1
1,1,2,2,4,-1,-1,-1,-1,-1,-1,-1
1,1,-1,-1,-1,-1,-1,-1,-1,-1,-1,-1
1,1,-1,-1,-1,-1,-1,-1,-1,-1,-1,-1
1,1,3,3,5,-1,-1,-1,-1,-1,-1,-1
1,1,3,3,5,-1,-1,-1,-1,-1,-1,-1
1,1,2,2,5,-1,-1,-1,-1,-1,-1,-1
1,3,3,6,-1,-1,-1,-1,-1,-1,-1,-1
1,1,2,2,-1,-1,-1,-1,-1,-1,-1,-1
1,1,-1,-1,-1,-1,-1,-1,-1,-1,-1,-1
1,1,-1,-1,-1,-1,-1,-1,-1,-1,-1,-1
1,3,3,-1,-1,-1,-1,-1,-1,-1,-1,-1
1,1,3,3,-1,-1,-1,-1,-1,-1,-1,-1
1,2,2,5,-1,-1,-1,-1,-1,-1,-1,-1
1,2,2,4,-1,-1,-1,-1,-1,-1,-1,-1
1,2,2,4,-1,-1,-1,-1,-1,-1,-1,-1
1,1,2,2,5,-1,-1,-1,-1,-1,-1,-1
1,1,2,2,5,-1,-1,-1,-1,-1,-1,-1
1,2,2,4,-1,-1,-1,-1,-1,-1,-1,-1
1,1,5,-1,-1,-1,-1,-1,-1,-1,-1,-1
1,3,3,-1,-1,-1,-1,-1,-1,-1,-1,-1
1,2,2,5,-1,-1,-1,-1,-1,-1,-1,-1
1,1,3,3,5,-1,-1,-1,-1,-1,-1,-1
1,1,2,2,-1,-1,-1,-1,-1,-1,-1,-1
1,1,-1,-1,-1,-1,-1,-1,-1,-1,-1,-1
1,2,2,-1,-1,-1,-1,-1,-1,-1,-1,-1
1,1,3,3,6,-1,-1,-1,-1,-1,-1,-1
1,1,3,3,6,-1,-1,-1,-1,-1,-1,-1
1,3,3,5,-1,-1,-1,-1,-1,-1,-1,-1
1,1,3,3,-1,-1,-1,-1,-1,-1,-1,-1
1,3,3,6,-1,-1,-1,-1,-1,-1,-1,-1
1,2,2,5,-1,-1,-1,-1,-1,-1,-1,-1
1,1,3,3,5,-1,-1,-1,-1,-1,-1,-1
1,2,2,4,-1,-1,-1,-1,-1,-1,-1,-1
1,1,2,2,4,-1,-1,-1,-1,-1,-1,-1
1,3,3,5,-1,-1,-1,-1,-1,-1,-1,-1
1,1,2,2,5,-1,-1,-1,-1,-1,-1,-1
